0.000000 0.000000 1000.000000 0.000000
2.999630 0.047122 996.000000 0.000189
5.998150 0.141354 992.000000 0.000759
8.994819 0.282674 988.000000 0.001907
11.988899 0.471045 984.000001 0.003829
14.979651 0.706422 980.000002 0.006729
17.966337 0.988747 976.000004 0.010813
20.948220 1.317950 972.000008 0.016287
23.924564 1.693950 968.000014 0.023365
26.894635 2.116654 964.000024 0.032262
29.857700 2.585957 960.000039 0.043197
32.813028 3.101744 956.000060 0.056392
35.759890 3.663888 952.000091 0.072073
38.697558 4.272250 948.000133 0.090468
41.625309 4.926680 944.000190 0.111811
44.542418 5.627016 940.000266 0.136337
47.448168 6.373086 936.000363 0.164287
50.341840 7.164705 932.000488 0.195903
53.222721 8.001678 928.000646 0.231431
56.090100 8.883799 924.000843 0.271123
58.943270 9.810850 920.001086 0.315232
61.781526 10.782602 916.001384 0.364015
64.604168 11.798816 912.001744 0.417732
67.410500 12.859241 908.002178 0.476649
70.199830 13.963614 904.002696 0.541033
72.971468 15.111665 900.003311 0.611155
75.724732 16.303108 896.004036 0.687290
78.458942 17.537651 892.004885 0.769716
81.173423 18.814989 888.005875 0.858715
83.867506 20.134807 884.007024 0.954572
86.540526 21.496778 880.008350 1.057575
89.191822 22.900568 876.009875 1.168016
91.820742 24.345829 872.011621 1.286190
94.426637 25.832205 868.013613 1.412396
97.008863 27.359329 864.015876 1.546933
99.566784 28.926825 860.018439 1.690107
102.099767 30.534305 856.021333 1.842226
104.607189 32.181374 852.024589 2.003598
107.088431 33.867624 848.028244 2.174539
109.542880 35.592639 844.032333 2.355363
111.969931 37.355995 840.036897 2.546388
114.368985 39.157256 836.041978 2.747937
116.739450 40.995977 832.047621 2.960332
119.080742 42.871705 828.053873 3.183899
121.392281 44.783977 824.060786 3.418966
123.673499 46.732321 820.068413 3.665862
125.923832 48.716257 816.076811 3.924920
128.142726 50.735294 812.086039 4.196471
130.329632 52.788936 808.096161 4.480851
132.484010 54.876674 804.107243 4.778396
134.605331 56.997994 800.119355 5.089442
136.693069 59.152373 796.132571 5.414327
138.746710 61.339279 792.146967 5.753389
140.765748 63.558172 788.162625 6.106967
142.749684 65.808506 784.179629 6.475400
144.698028 68.089723 780.198067 6.859025
146.610300 70.401263 776.218033 7.258181
148.486028 72.742554 772.239622 7.673205
150.324749 75.113019 768.262934 8.104432
152.126010 77.512073 764.288075 8.552199
153.889365 79.939124 760.315153 9.016838
155.614381 82.393574 756.344280 9.498679
157.300631 84.874815 752.375574 9.998051
158.947700 87.382237 748.409156 10.515280
160.555180 89.915221 744.445151 11.050688
162.122676 92.473142 740.483688 11.604594
163.649800 95.055368 736.524901 12.177313
165.136176 97.661262 732.568928 12.769156
166.581437 100.290182 728.615910 13.380428
167.985226 102.941479 724.665994 14.011429
169.347198 105.614499 720.719329 14.662454
170.667015 108.308581 716.776068 15.333792
171.944353 111.023063 712.836369 16.025725
173.178896 113.757272 708.900393 16.738527
174.370340 116.510536 704.968302 17.472467
175.518390 119.282175 701.040266 18.227802
176.622764 122.071504 697.116455 19.004784
177.683189 124.877836 693.197041 19.803656
178.699402 127.700479 689.282201 20.624648
179.671155 130.538735 685.372113 21.467985
180.598206 133.391904 681.466959 22.333878
181.480327 136.259283 677.566921 23.222528
182.317300 139.140165 673.672182 24.134127
183.108919 142.033837 669.782929 25.068852
183.854989 144.939586 665.899348 26.026870
184.555325 147.856696 662.021626 27.008335
185.209754 150.784446 658.149951 28.013387
185.818116 153.722115 654.284510 29.042155
186.380260 156.668976 650.425489 30.094752
186.896048 159.624304 646.573075 31.171278
187.365351 162.587369 642.727453 32.271818
187.788055 165.557440 638.888805 33.396444
188.164054 168.533785 635.057313 34.545211
188.493257 171.515667 631.233154 35.718160
188.775582 174.502353 627.416504 36.915316
189.010960 177.493105 623.607534 38.136688
189.199331 180.487185 619.806413 39.382271
189.340650 183.483855 616.013303 40.652043
189.434883 186.482375 612.228364 41.945964
189.482005 189.482005 608.451748 43.263981
189.482005 192.482005 604.683602 44.606024
189.434883 195.481635 600.924068 45.972005
189.340650 198.480154 597.173280 47.361822
189.199331 201.476824 593.431366 48.775357
189.010960 204.470904 589.698446 50.212473
188.775582 207.461656 585.974630 51.673020
188.493257 210.448342 582.260024 53.156833
188.164054 213.430225 578.554721 54.663728
187.788055 216.406569 574.858809 56.193509
187.365351 219.376640 571.172362 57.745963
186.896048 222.339705 567.495449 59.320864
186.380260 225.295033 563.828127 60.917968
185.818116 228.241895 560.170441 62.537022
185.209754 231.179563 556.522428 64.177754
184.555325 234.107313 552.884114 65.839882
183.854989 237.024423 549.255513 67.523111
183.108919 239.930173 545.636630 69.227131
182.317300 242.823845 542.027457 70.951621
181.480327 245.704726 538.427974 72.696249
180.598206 248.572105 534.838153 74.460672
179.671155 251.425275 531.257953 76.244533
178.699402 254.263531 527.687319 78.047469
177.683189 257.086173 524.126190 79.869105
176.622764 259.892505 520.574489 81.709056
175.518390 262.681834 517.032130 83.566929
174.370340 265.453473 513.499016 85.442324
173.178896 268.206737 509.975038 87.334829
171.944353 270.940947 506.460076 89.244030
170.667015 273.655428 502.954002 91.169502
169.347198 276.349511 499.456674 93.110815
167.985226 279.022530 495.967941 95.067533
166.581437 281.673827 492.487644 97.039215
165.136176 284.302747 489.015611 99.025414
163.649800 286.908642 485.551662 101.025679
162.122676 289.490868 482.095609 103.039555
160.555180 292.048788 478.647253 105.066582
158.947700 294.581772 475.206387 107.106298
157.300631 297.089194 471.772796 109.158238
155.614381 299.570436 468.346258 111.221933
153.889365 302.024885 464.926543 113.296913
152.126010 304.451936 461.513411 115.382707
150.324749 306.850990 458.106619 117.478839
148.486028 309.221455 454.705916 119.584835
146.610300 311.562746 451.311045 121.700218
144.698028 313.874286 447.921742 123.824512
142.749684 316.155504 444.537739 125.957239
140.765748 318.405837 441.158762 128.097921
138.746710 320.624730 437.784535 130.246080
136.693069 322.811636 434.414774 132.401239
134.605331 324.966015 431.049193 134.562920
132.484010 327.087335 427.687502 136.730646
130.329632 329.175074 424.329409 138.903941
128.142726 331.228715 420.974617 141.082329
125.923832 333.247753 417.622829 143.265335
123.673499 335.231688 414.273745 145.452486
121.392281 337.180032 410.927061 147.643310
119.080742 339.092304 407.582474 149.837333
116.739450 340.968032 404.239680 152.034087
114.368985 342.806754 400.898373 154.233102
111.969931 344.608014 397.558247 156.433911
109.542880 346.371370 394.218996 158.636047
107.088431 348.096386 390.880313 160.839044
104.607189 349.782636 387.541893 163.042440
102.099767 351.429704 384.203431 165.245772
99.566784 353.037185 380.864623 167.448579
97.008863 354.604680 377.525165 169.650401
94.426637 356.131805 374.184756 171.850780
91.820742 357.618181 370.843096 174.049260
89.191822 359.063442 367.499888 176.245383
86.540526 360.467231 364.154835 178.438696
83.867506 361.829203 360.807645 180.628745
81.173423 363.149020 357.458025 182.815078
78.458942 364.426358 354.105689 184.997243
75.724732 365.660901 350.750352 187.174789
72.971468 366.852345 347.391731 189.347268
70.199830 368.000395 344.029548 191.514231
67.410500 369.104769 340.663529 193.675229
64.604168 370.165193 337.293401 195.829815
61.781526 371.181407 333.918899 197.977542
58.943270 372.153159 330.539758 200.117965
56.090100 373.080210 327.155720 202.250636
53.222721 373.962331 323.766530 204.375110
50.341840 374.799305 320.371937 206.490942
47.448168 375.590924 316.971698 208.597685
44.542418 376.336993 313.565570 210.694896
41.625309 377.037329 310.153318 212.782128
38.697558 377.691759 306.734711 214.858935
35.759890 378.300121 303.309523 216.924871
32.813028 378.862265 299.877535 218.979490
29.857700 379.378052 296.438532 221.022344
26.894635 379.847356 292.992303 223.052986
23.924564 380.270059 289.538646 225.070969
20.948220 380.646059 286.077362 227.075841
17.966337 380.975262 282.608259 229.067154
14.979651 381.257587 279.131152 231.044456
11.988899 381.492964 275.645859 233.007294
8.994819 381.681336 272.152207 234.955216
5.998150 381.822655 268.650029 236.887765
2.999630 381.916887 265.139163 238.804487
-0.000000 381.964009 261.619455 240.704922
-3.000000 381.964009 258.090756 242.588611
-5.999630 381.916887 254.552926 244.455092
-8.998150 381.822655 251.005828 246.303903
-11.994819 381.681336 247.449337 248.134578
-14.988899 381.492964 243.883331 249.946649
-17.979651 381.257587 240.307697 251.739647
-20.966337 380.975262 236.722329 253.513101
-23.948220 380.646059 233.127128 255.266534
-26.924564 380.270059 229.522003 256.999472
-29.894635 379.847356 225.906870 258.711434
-32.857700 379.378052 222.281654 260.401938
-35.813028 378.862265 218.646286 262.070500
-38.759890 378.300121 215.000706 263.716631
-41.697558 377.691759 211.344863 265.339841
-44.625309 377.037329 207.678713 266.939636
-47.542418 376.336993 204.002220 268.515519
-50.448168 375.590924 200.315360 270.066988
-53.341840 374.799305 196.618113 271.593542
-56.222721 373.962331 192.910471 273.094671
-59.090100 373.080210 189.192434 274.569866
-61.943270 372.153159 185.464011 276.018612
-64.781526 371.181407 181.725221 277.440390
-67.604168 370.165193 177.976094 278.834679
-70.410500 369.104769 174.216666 280.200952
-73.199830 368.000395 170.446986 281.538679
-75.971468 366.852345 166.667113 282.847326
-78.724732 365.660901 162.877115 284.126355
-81.458942 364.426358 159.077071 285.375223
-84.173423 363.149020 155.267073 286.593383
-86.867506 361.829203 151.447221 287.780284
-89.540526 360.467231 147.617629 288.935369
-92.191822 359.063442 143.778420 290.058078
-94.820742 357.618181 139.929732 291.147847
-97.426637 356.131805 136.071711 292.204104
-100.008863 354.604680 132.204521 293.226276
-102.566784 353.037185 128.328333 294.213783
-105.099767 351.429704 124.443336 295.166041
-107.607189 349.782636 120.549728 296.082460
-110.088431 348.096386 116.647726 296.962446
-112.542880 346.371370 112.737556 297.805401
-114.969931 344.608014 108.819462 298.610719
-117.368985 342.806754 104.893701 299.377793
-119.739450 340.968032 100.960546 300.106006
-122.080742 339.092304 97.020287 300.794740
-124.392281 337.180032 93.073227 301.443370
-126.673499 335.231688 89.119690 302.051267
-128.923832 333.247753 85.160012 302.617796
-131.142726 331.228715 81.194552 303.142318
-133.329632 329.175074 77.223683 303.624188
-135.484010 327.087335 73.247798 304.062756
-137.605331 324.966015 69.267310 304.457368
-139.693069 322.811636 65.282652 304.807364
-141.746710 320.624730 61.294276 305.112083
-143.765748 318.405837 57.302655 305.370854
-145.749684 316.155504 53.308285 305.583005
-147.698028 313.874286 49.311683 305.747861
-149.610300 311.562746 45.313391 305.864739
-151.486028 309.221455 41.313973 305.932955
-153.324749 306.850990 37.314017 305.951821
-155.126010 304.451936 33.314139 305.920646
-156.889365 302.024885 29.314978 305.838735
-158.614381 299.570436 25.317201 305.705391
-160.300631 297.089194 21.321503 305.519914
-161.947700 294.581772 17.328609 305.281605
-163.555180 292.048788 13.339270 304.989759
-165.122676 289.490868 9.354270 304.643673
-166.649800 286.908642 5.374423 304.242645
-168.136176 284.302747 1.400578 303.785969
-169.581437 281.673827 -2.566386 303.272944
-170.985226 279.022530 -6.525555 302.702868
-172.347198 276.349511 -10.475977 302.075044
-173.667015 273.655428 -14.416667 301.388775
-174.944353 270.940947 -18.346600 300.643371
-176.178896 268.206737 -22.264713 299.838147
-177.370340 265.453473 -26.169905 298.972422
-178.518390 262.681834 -30.061031 298.045526
-179.622764 259.892505 -33.936906 297.056795
-180.683189 257.086173 -37.796303 296.005576
-181.699402 254.263531 -41.637947 294.891228
-182.671155 251.425275 -45.460520 293.713124
-183.598206 248.572105 -49.262659 292.470651
-184.480327 245.704726 -53.042951 291.163212
-185.317300 242.823845 -56.799934 289.790231
-186.108919 239.930173 -60.532098 288.351151
-186.854989 237.024423 -64.237882 286.845440
-187.555325 234.107313 -67.915673 285.272590
-188.209754 231.179563 -71.563805 283.632123
-188.818116 228.241895 -75.180559 281.923590
-189.380260 225.295033 -78.764164 280.146577
-189.896048 222.339705 -82.312792 278.300706
-190.365351 219.376640 -85.824562 276.385641
-190.788055 216.406569 -89.297535 274.401087
-191.164054 213.430225 -92.729721 272.346797
-191.493257 210.448342 -96.119070 270.222577
-191.775582 207.461656 -99.463481 268.028285
-192.010960 204.470904 -102.760796 265.763840
-192.199331 201.476824 -106.008804 263.429222
-192.340650 198.480154 -109.205243 261.024481
-192.434883 195.481635 -112.347798 258.549739
-192.482005 192.482005 -115.434103 256.005192
-192.482005 189.482005 -118.461749 253.391122
-192.434883 186.482375 -121.428277 250.707895
-192.340650 183.483855 -124.331191 247.955969
-192.199331 180.487185 -127.167952 245.135901
-192.010960 177.493105 -129.935989 242.248346
-191.775582 174.502353 -132.632699 239.294068
-191.493257 171.515667 -135.255455 236.273944
-191.164054 168.533785 -137.801609 233.188965
-190.788055 165.557440 -140.268500 230.040243
-190.365351 162.587369 -142.653458 226.829017
-189.896048 159.624304 -144.953816 223.556654
-189.380260 156.668976 -147.166911 220.224657
-188.818116 153.722115 -149.290099 216.834661
-188.209754 150.784446 -151.320760 213.388443
-187.555325 147.856696 -153.256309 209.887921
-186.854989 144.939586 -155.094204 206.335156
-186.108919 142.033837 -156.831960 202.732351
-185.317300 139.140165 -158.467155 199.081853
-184.480327 136.259283 -159.997448 195.386152
-183.598206 133.391904 -161.420581 191.647878
-182.671155 130.538735 -162.734400 187.869799
-181.699402 127.700479 -163.936859 184.054817
-180.683189 124.877836 -165.026036 180.205961
-179.622764 122.071504 -166.000143 176.326384
-178.518390 119.282175 -166.857533 172.419354
-177.370340 116.510536 -167.596718 168.488247
-176.178896 113.757272 -168.216373 164.536535
-174.944353 111.023063 -168.715345 160.567778
-173.667015 108.308581 -169.092663 156.585614
-172.347198 105.614499 -169.347547 152.593743
-170.985226 102.941479 -169.479407 148.595917
-169.581437 100.290182 -169.487855 144.595926
-168.136176 97.661262 -169.372707 140.597584
-166.649800 95.055368 -169.133978 136.604714
-165.122676 92.473142 -168.771894 132.621136
-163.555180 89.915221 -168.286882 128.650649
-161.947700 87.382237 -167.679571 124.697022
-160.300631 84.874815 -166.950788 120.763972
-158.614381 82.393574 -166.101554 116.855162
-156.889365 79.939124 -165.133076 112.974176
-155.126010 77.512073 -164.046739 109.124517
-153.324749 75.113019 -162.844099 105.309592
-151.486028 72.742554 -161.526871 101.532700
-149.610300 70.401263 -160.096921 97.797028
-147.698028 68.089723 -158.556253 94.105641
-145.749684 65.808506 -156.906995 90.461475
-143.765748 63.558172 -155.151392 86.867332
-141.746710 61.339279 -153.291790 83.325881
-139.693069 59.152373 -151.330622 79.839648
-137.605331 56.997994 -149.270399 76.411021
-135.484010 54.876674 -147.113695 73.042248
-133.329632 52.788936 -144.863136 69.735439
-131.142726 50.735294 -142.521389 66.492567
-128.923832 48.716257 -140.091148 63.315473
-126.673499 46.732321 -137.575126 60.205869
-124.392281 44.783977 -134.976046 57.165346
-122.080742 42.871705 -132.296627 54.195378
-119.739450 40.995977 -129.539582 51.297326
-117.368985 39.157256 -126.707605 48.472453
-114.969931 37.355995 -123.803369 45.721923
-112.542880 35.592639 -120.829516 43.046817
-110.088431 33.867624 -117.788652 40.448134
-107.607189 32.181374 -114.683349 37.926807
-105.099767 30.534305 -111.516133 35.483706
-102.566784 28.926825 -108.289486 33.119653
-100.008863 27.359329 -105.005845 30.835424
-97.426637 25.832205 -101.667598 28.631766
-94.820742 24.345829 -98.277086 26.509402
-92.191822 22.900568 -94.836602 24.469041
-89.540526 21.496778 -91.348394 22.511389
-86.867506 20.134807 -87.814661 20.637161
-84.173423 18.814989 -84.237562 18.847086
